# 'gammaray_to_be_skipped' is a list of pairs that stores all the pairs of 
# gate-and-spectra that (for some reasons) need to be skipped.
# Each pair should be inserted as GAMMARAY_ENERGY,GATE_ENERGY

1157.004,4932.8
1126.078,3731.0
2656.44,2435.3
2656.44,2936.8
2656.44,4571.5
2656.44,4264.9
1417.0,475.2
1417.0,894.2
1417.0,1107.98
1417.0,1582.8
1417.0,1603.7
1417.0,2247.7
1417.0,2474.9
1417.0,2924.0
1417.0,1995.8
1417.0,2291.4
263.53,1007.7
263.53,1597.3
263.53,1244.75
263.53,1276.0
1641.0,1276.0
263.53,1494.6
651.353,1007.7
651.353,1575.9
263.53,1788.5
263.53,1989.17
651.353,1989.17
263.53,2033.8
1024.738,2033.8
263.53,2088
651.353,2150.9
651.353,2193.2
651.353,2903.4
263.53,2150.9
1024.738,2150.9
263.53,2193.2
263.53,3614.8
263.53,368.208
263.53,3367.0
263.53,3797.2
263.53,3257.7
263.53,3265.5
263.53,2784.8
263.53,2518.8
263.53,605.8
263.53,4647.0
263.53,404.26
263.53,3672.8
263.53,2627.4
263.53,5006.9
1024.738,605.8
1024.738,3265.5
651.353,3265.5
263.53,887.5
2200.1,2037.9
2200.1,3241.4
1074.13,556.8
2200.1,556.8
2540.39,1141.1
1777.973,1839.7
368.208,1420.2
368.208,1872.7
368.208,4638.7
1017.5,1620.4
1017.5,1825.9
1825.9,5628.9
1825.9,1727.6
1839.7,5628.9
1491.1,5628.9
368.208,2534.7
1017.5,2901.4
1017.5,2534.7
2534.7,4919.9
1017.5,4638.7
368.208,519.7
1017.5,519.7
667.3,1384.4
667.3,3515.7
667.3,2957.6
667.3,3543.4
667.3,3441.2
667.3,3392.6
667.3,2513.4
667.3,686.9
2554.9,1384.4
2554.9,2852.9
2554.9,202.1
2554.9,3210.2
667.3,1518.2
667.3,483.4
2554.9,1518.2
667.3,1577.4
1577.4,1672.6
2554.9,1577.4
667.3,1588.7
667.3,1683.4
667.3,3543.5
667.3,3248.6
667.3,1836.6
2554.9,1836.6
667.3,202.1
667.3,2063.2
667.3,2380.7
667.3,3210.2
667.3,2499.0
2554.9,2063.2
2554.9,2380.7
667.3,211.3
404.26,211.3
404.26,1836.6
2554.9,211.3
2554.9,299.5
667.3,2154.6
2554.9,2154.6
667.3,2223.1
2554.9,2223.1
667.3,2282.2
2554.9,2282.2
2554.9,2499
2554.9,2957.6
667.3,3138.4
2554.9,3138.4
667.2,646.5
2554.9,646.5
667.3,7418.8
667.3,2852.9
2554.9,7418.8
3775.3,1250.2
3775.8,2527.4
1119.7,1520.2
475.2,1520.2
475.2,1524.4
475.2,1683.0
1214.74,1683.0
1119.7,1524.4
3775.3,1524.4
3775.3,1597.7
475.2,1771.9
3775.3,1771.9
3775.3,1816.3
475.2,1816.3
475.2,2158.5
1119.7,1816.3
3775.3,1998.6
1119.7,2896.7
3775.3,2896.7
475.2,703.4
1119.7,703.4
3775.3,703.4
3775.3,874.3
556.8,1016.9
1016.9,2527.4
556.8,3788.4
556.8,3191.0
556.8,2651.6
556.8,1993.1
556.8,1316.4
556.8,1374.8
556.8,1428.0
556.8,1481.7
869.47,1374.8
556.8,1658.8
556.8,3543.5
1630.4,3543.5
1630.4,1374.8
1630.4,1658.8
1630.4,1912.6
1630.4,1993.1
1374.8,5841.9
605.8,1374.8
605.8,1658.8
605.8,1428.0
605.8,1481.7
605.8,1819.3
556.8,1819.3
556.8,1860.2
605.8,1860.2
605.8,3184.1
605.8,3191.0
605.8,3788.4
605.8,2178.6
605.8,2685.1
605.8,2934.8
202.1,1428.0
202.1,1819.3
202.1,1993.1
202.1,2651.6
202.1,2685.1
1537.8,5397.8
2448.2,5397.8
5397.8,1537.8
1819.3,5397.8
1324.0,5397.8
202.1,1860.2
202.1,7215.8
202.1,1867.4
556.8,1867.4
556.8,2178.6
556.8,2297.5
202.1,2758.5
556.8,2758.5
556.8,3066.9
556.8,7215.8
651.07,3748.2
202.1,651.07
1630.4,651.07
202.1,670.4
202.1,2934.8
202.1,3006.8
202.1,3066.9
556.8,670.4
605.8,670.4
1630.4,670.4
1630.4,3006.8
1630.4,3066.9
1630.4,1867.4
211.3,1419.3
211.3,1984.1
211.3,2071.6
211.3,2289.2
2289.2,4919.9
1626.8,4919.9
211.3,2223.3
211.3,2642.8
211.3,2746.5
211.3,2891.1
211.3,3000.1
211.3,3231.2
211.3,3535.1
211.3,4391.5
299.5,1491.1
299.5,3398.6
299.5,2662.0
2662.0,4457.9
1727.5,2969.2
1727.5,3094.0
1727.5,3398.6
4196.1,1093.2
4196.1,3031.9
4196.1,2029.3
4196.1,2378.1
887.5,1093.2
887.5,1353.1
887.5,2029.3
887.5,2378.1
887.5,3261.7
483.4,1093.2
1912.18,1101.3
4196.1,1101.3
483.4,1101.3
894.2,1101.3
894.2,2029.3
894.2,3507.9
4196.1,1212.5
887.5,1212.5
887.5,3507.9
894.2,1212.5
1538.8,1212.5
1538.8,3059.5
1912.18,3059.5
483.4,1212.5
894.2,1353.1
483.4,1353.1
4196.1,1353.1
519.7,1353.1
519.7,3031.9
519.7,3261.7
519.7,1101.3
519.7,1093.2
519.7,3507.9
894.2,1397.4
519.7,1397.4
483.4,1397.4
483.4,900.8
4168.3,3059.1
483.4,3507.9
483.4,2369.8
4196.1,1397.4
1912.18,1397.4
1912.18,2369.8
1538.8,1397.4
1538.8,1537.8
1912.18,1537.8
4196.1,1537.8
483.4,1537.8
483.4,1579.6
519.7,1537.8
887.5,1537.8
887.5,2369.8
2369.8,2927.9
894.2,1537.8
519.7,1579.6
519.7,2369.8
4196.1,1579.6
894.2,2477.0
894.2,2403.3
894.2,2725.0
887.5,2477.0
887.5,2725.0
519.7,2477.0
483.4,2477.0
4196.1,2477.0
519.7,6935.2
483.4,6935.2
894.2,900.8
887.5,900.8
519.7,900.8
4196.1,900.8
1538.8,900.8
1007.7,1092.8
1007.7,1575.2
1007.7,1277.6
1007.7,1186.6
1007.7,3093.4
1007.7,1418.1
1418.1,1188.5
1418.1,1724.5
1007.7,1619.6
646.5,1214.3
646.5,1142.9
646.5,2206.6
646.5,2219.8
646.5,3052.0
646.5,3099.2
646.5,3956.0
646.5,3991.7
682.34,667.9
682.34,738.0
738.0,678.6
738.0,1715.7
738.0,1753.1
682.34,1142.9
682.34,1576.6
682.34,1852.4
682.34,1214.3
682.34,3122.5
682.34,3596.4
682.34,2206.6
682.34,2313.6
682.34,2150.5
682.34,3099.2
682.34,3391.7
682.34,3943.7
682.34,3956.0
682.34,4032.0
1701.9,667.9
1050.6,2150.5
1701.9,2150.5
1701.9,2435.7
1701.9,2746.7
1701.9,3052.0
1701.9,3391.7
1701.9,3596.4
1701.9,3956.0
1701.9,3991.7
1314.1,667.9
1314.1,3956.0
1314.1,1142.9
1314.1,1214.3
1314.1,1576.6
1314.1,2746.7
1314.1,3596.4
1314.1,3943.7
1314.1,3991.7
5628.9,1142.9
5628.9,1825.9
682.34,1416.7
646.5,1416.7
646.5,1852.4
646.5,1869.0
1416.7,1701.9
1416.7,5355.7
646.5,2150.5
646.5,2313.6
1314.1,2313.6
646.5,2491.7
646.5,6772.3
1701.9,2491.7
1701.9,1142.9
1314.1,2491.7
1314.1,2435.7
722.6,1194.1
1194.1,5537.44
686.9,1335.0
686.9,1994.1
686.9,1812.0
686.9,1690.5
686.9,2451.1
686.9,2521.0
1091.1,2413.5
1091.1,2521.0
1091.1,2451.1
1091.1,1690.5
1091.1,1335.0
1091.1,2451.1
686.9,6731.9
1091.1,6731.9
1742.11,2521.0
1742.11,6731.9
1091.1,697.6
722.6,1691.6
2115.5,1691.6
2115.5,2521.0
722.6,2451.1
747.63,1183.5
3252.07,1183.5
733.0,1183.5
1107.98,1183.5
733.0,1324.0
747.63,1324.0
747.63,6721.0
733.0,6721.0
6721.0,733.0
6721.0,1107.98
6721.0,3252.07
3252.07,6721.0
1107.98,6721.0
703.4,1113.6
2596.1,1113.6
2596.1,1745.5
1113.6,5537.44
703.4,171.3
2596.1,171.3
703.4,6651.3
670.4,645.7
670.4,1455.1
670.4,4584.08
1283.4,1455.1
1276.0,1455.1
1276.0,645.7
1276.0,2088.2
2670.7,1276.0
1276.0,2337.5
1276.0,2670.7
1283.4,2337.5
1283.4,2670.7
1207.2,532.1
1207.2,2663.1
2663.1,3902.9
1207.2,3138.3
670.4,1191.2
670.4,2670.7
670.4,1626.8
670.4,1641.0
4582.0,1626.8
4582.0,1641.0
1283.4,1626.8
1226.9,1626.8
4582.0,2088.2
670.4,2088.2
4582.0,645.7
1539.4,704.5
4582.0,704.5
1226.9,704.5
989.0,6480.2
1342.8,898.0
1342.8,1574.4
1342.8,3052.4
1349.4,3052.4
1606.1,3052.4
1349.4,1574.4
1349.4,898.0
171.3,898.0
874.3,898.0
874.3,1574.4
974.4,898.0
989.0,898.0
2145.52,6328.3
1494.6,6328.3
1141.1,6328.3
1141.1,2292.7
1494.6,972.6
2145.52,972.6
1141.1,972.6
2919.1,972.6
4801.7,972.6
1222.5,1050.9
1582.8,1050.9
1582.8,6247.2
6247.2,1524.2
1524.2,1050.9
1839.2,1050.9
3726.6,1050.9
2722.4,496.4
1961.0,496.4
1961.0,1916.2
1961.0,727.2
3848.9,727.2
3848.9,2451.8
532.1,1753.1
900.8,1753.1
1384.4,1715.7
1384.4,1753.1
1173.9,1753.1
900.8,476.8
697.6,476.8
697.6,1715.7
532.1,476.8
1420.2,476.8
1384.4,476.8
532.1,678.6
2052.1,678.6
1420.2,678.6
1420.2,1468.6
1384.4,1468.6
697.6,1468.6
1173.9,678.6
1844.7,1017.0
3973.1,1831.3
3973.1,1017.0
1831.3,4168.1
645.7,545.3
645.7,645.7
645.7,1641.0
645.7,1731.0
645.7,1690.8
1518.2,545.3
1518.2,1690.8
1518.2,1731.0
2186.2,1731.0
1922.4,545.3
1922.4,1690.8
1196.7,444.5
1366.1,444.5
2244.2,444.5
1524.4,1549.0
4143.8,1549.0
4143.8,4143.8
1649.9,5557.7
2264.6,1907.7
1907.7,3649.1
1649.9,1907.7
1214.3,1907.7
2264.6,5557.7
476.8,1907.7
476.8,5557.7
4618.0,5355.7
678.6,5355.7
545.3,5355.7
2474.9,5355.7
2466.2,5355.7
1606.6,5355.7
1209.6,5355.7
1852.3,5355.7
4625.0,5348.1
5348.1,4625.0
1867.4,5348.1
263.53,2466.2
263.53,2903.4
263.53,2917.5
263.53,2601.44
263.53,7822.3
637.68,1419.3
637.68,1649.9
637.68,3535.1
637.68,2223.3
878.25,1419.3
1640.7,1307.3
211.3,1307.3
211.3,1511.6
1307.3,545.3
1307.3,1690.8
1316.4,2024.3
1316.4,1690.8
1316.4,1997.0
1316.4,2519.3
1316.4,545.3
1316.4,1731.0
1307.3,2024.3
1640.7,1419.3
1640.7,1188.5
1640.7,2223.3
1640.7,3000.1
1640.7,3535.1
1640.7,4032.0
3535.1,3672.5
5789.5,1419.3
299.5,2969.2
299.5,3094.0
299.5,3943.7
1538.8,1101.3
894.2,2477.0
6651.3,703.4
1384.4,6034.4
4932.8,5037.4
3808.2,5037.4
5037.4,3808.2
3048.3,5037.4
3807.1,5040.4
5040.4,3807.1
1878.7,5238.8
1788.5,6034.4
1788.5,1753.1
1788.5,476.8
697.6,678.6
532.1,6034.4
1064.1,5135.8
1630.4,1016.9
7215.8,605.8
605.8,7215.8
628.71,7215.8
1630.4,7215.8
869.47,7215.8
1630.4,2664.7
1630.4,2685.1
1630.4,2934.8
1016.9,1064.1
1016.9,6199.9
1218.8,6199.9
1912.18,1101.3
1912.18,1212.5
2937.8,1773.3
2937.6,5909.8
1773.3,1791.1
1844.7,1791.1
1844.7,2327.3
1419.3,5789.5
3057.9,4149.7
4149.7,3622.0
1428.0,1630.4
2758.5,4457.9
2313.6,4457.9
1520.2,5833.6
1620.4,5833.6
1635.0,5833.6
1989.17,5833.6
2640.1,5833.6
4140.1,5833.6
2158.5,5935.8
3301.33,1107.98
1549.0,4281.9
4281.9,1549.0
2934.8,4281.9
4564.7,4281.9
3731.0,5116.1
3176.2,5673.0
1683.0,1462.8
1683.0,2856.4
2414.0,1462.8
2414.0,2856.4
2801.73,1462.8
2801.73,2856.4
3176.2,1462.8
667.9,6103.45
667.9,1547.2
2337.5,4208.9
3621.1,4208.9
3000.1,4208.9
3210.2,4208.9
3006.8,4208.9
3006.0,1672.6
3614.8,4208.9
4576.2,1188.5
4576.2,1724.5
2448.2,1724.5
3077.0,1724.5
2688.7,1724.5
727.2,1724.5
2376.1,1724.5
3672.5,1724.5
1335.0,1188.5
1810.3,1188.5
3077.0,1188.5
727.2,1188.5
1324.0,1107.98
1324.0,1188.5
1324.0,1724.5
1366.1,1632.0
1093.2,1632.0
2244.2,1632.0
1229.2,2015.5
3747.2,2015.5
1603.7,2015.5
1050.6,667.9
1050.6,2746.7
1050.6,1142.9
1142.9,1978.1
1092.8,5722.2
6506.0,4624.9
898.0,1025.0
898.0,1678.5
1353.1,1025.0
1872.7,1025.0
1872.7,2765.7
1872.7,5582.4
1771.9,1025.0
1836.6,1025.0
1836.6,1911.6
1771.9,1911.6
2891.2,1911.6
4391.5,1025.0
5025.4,1547.2
5025.4,2675.9
5025.4,2927.9
1981.9,1547.2
1250.2,1547.2
1961.0,1567.6
4556.1,1567.6
4556.12,1025.0
727.2,1188.5
974.4,1922.8
1606.1,1922.8
1992.8,1922.8
2767.2,1922.8
2767.2,3052.4
2767.2,898.0
3493.4,1922.8
1922.4,2024.3
894.2,2378.1
483.4,2378.1
1017.5,1420.2
1017.5,2897.2
1017.5,4984.4
2861.5,4984.4
2784.8,2222.9
4856.7,2300.3
2637.3,2319.6
2709.5,2319.6
898.0,2765.7
1353.1,2765.7
1836.6,2765.7
2191.0,2765.7
2504.4,2765.7
2504.4,1025.0
2247.7,2765.7
2247.7,1911.6
4391.5,2765.7
1624.5,3014.2
1524.4,3014.2
1546.0,1672.9
1546.0,2015.5
1546.0,3052.3
1546.0,3409.1
1603.7,3409.1
1207.2,1646.5
1207.2,2916.7
1207.2,3748.2
2281.7,3748.2
3712.0,2319.6
2071.6,2319.6
3731.0,2300.3
2688.7,1724.5
1537.8,1724.5
2071.7,1724.5
898.0,1911.6
1771.9,2765.7
2003.5,2168.5
1931.2,2168.5
1374.8,2168.5
704.5,2168.5
1182.7,4551.7
1481.7,1182.7
1481.7,1417.2
2037.9,1417.2
4551.7,1182.7
1683.4,1182.7
2037.9,1182.7
1524.4,1277.8
4551.7,1277.8
4143.8,1277.8
4143.8,2653.8
1773.3,1448.5
1448.5,4551.7
1546.0,1672.9
1860.8,1672.9
1860.8,2190.3
2533.5,4035.1
682.34,2219.8
682.34,2869.0
1961.0,2405.0
1961.0,2451.8
1993.1,5223.1
1984.1,5223.1
3623.7,5223.1
5223.1,2862.7
2642.8,4564.8
2651.6,4564.8
2206.6,4564.8
1428.67,2852.9
2743.4,1538.6
2743.4,2675.9
2815.9,2222.9
3175.9,4032.0
3507.9,3427.9
2675.9,3427.9
3052.4,3427.9
2168.5,3672.5
3672.5,3535.1
2950.5,2319.6
2518.8,5304.2
556.8,1912.6
202.1,1912.6
4904.7,1641.0
4904.7,1745.5
4904.7,3180.8
4904.7,2917.5
4904.7,2924.0
4904.7,2513.4
4904.7,3942.0
1641.0,4904.7
2917.5,4904.7
2924.0,4904.7
2513.4,4904.7
2085.2,1017.0
2085.2,1542.95
2085.2,1831.3
2085.2,1448.5
2085.2,2097.3
2085.2,2124.6
2085.2,2327.3
2085.2,2619.7
1692.9,1388.1
2734.5,1388.1
2380.7,1388.1
3048.4,1388.1
2458.1,1978.1
4074.6,1442.7
4074.6,1731.0
4074.6,2024.3
1912.18,3285.3
894.2,3285.3
483.4,3285.3
894.2,3059.5
3059.1,3902.9
2581.5,1360.5
2191.0,1678.5
1353.1,1678.5
2504.4,1678.5
4344.2,1727.6
2458.1,1727.6
1186.6,1727.6
496.4,1727.6
496.4,5628.9
496.4,1978.1
4132.0,1632.0
4132.0,1938.4
4132.0,2168.5
4132.0,444.5
1931.2,1672.6
1938.4,3902.9
3006.0,1938.4
2244.2,1938.4
704.5,1938.4
1093.2,1938.4
1374.8,1938.4
4074.6,2519.3
4074.6,1997.0
2186.2,2519.3
1922.4,1997.0
1518.2,1997.0
1518.2,2519.3
1844.7,2619.7
1844.7,1791.1
1844.7,2097.3
1844.7,1017.0
1844.7,6001.3
2097.3,2085.2
667.9,2675.9
667.9,2927.9
3201.26,2150.5
3201.26,3391.7
3201.26,3596.4
3201.26,3099.2
1050.6,3099.2
1050.6,3391.7
1050.6,3991.7
682.34,3991.7
682.34,1869.0
646.5,3391.7
646.5,2746.7
646.5,667.9
646.5,3596.4
637.68,3306.9
2554.9,3515.7
2282.2,2319.6
2509.2,1388.2
2822.2,1388.2
1983.3,2319.6
2154.6,1388.2
3877.0,1388.2
1183.5,5537.44
5537.44,1183.5
1709.1,4025.3
2088.0,1182.7
3113.8,1182.7
4143.8,1267.2
1093.2,1672.6
1093.2,2168.5
1518.2,2024.3
1863.2,5909.8
5909.8,1863.2
2052.1,1753.1
1173.9,1468.6
1173.9,476.8
1173.9,1715.7
1173.9,6034.4
738.0,1468.6
532.1,1715.7
532.1,476.8
2369.8,1547.2
1597.3,1672.9
1597.3,3052.3
989.0,1922.8
989.0,1574.4
989.0,3052.4
171.3,3052.4
171.3,6480.2
4181.7,1699.7
2037.9,1699.7
2519.3,2292.7
3322.8,2696.7
2596.1,2618.2
2596.1,2696.7
722.6,2696.7
1091.1,2696.7
1742.11,2696.7
1742.11,2413.5
2115.5,2696.7
703.4,2618.2
1640.7,3176.6
1630.4,3184.1
869.47,3184.1
628.71,3184.1
556.8,2664.7
556.8,2685.1
6577.1,891.1
